floor 1
(top,left)
-----upper zone----
28 248
28 340
28 377
28 469
28 508
28 599
28 635
28 726

104 275
104 336
104 395
104 457
104 517
104 578
104 639
104 700
----middle zone-----
256 283
281 283
308 283
334 283
360 283
385 283
411 283
437 283

256 346
281 346
308 346
334 346
360 346
385 346
411 346
437 346

256 397
281 397
308 397
334 397
360 397
385 397
411 397
437 397

256 461
281 461
308 461
334 461
360 461
385 461
411 461
437 461

256 515
281 515
308 515
334 515
360 515
385 515
411 515
437 515

256 578
281 578
308 578
334 578
360 578
385 578
411 578
437 578

256 633
281 633
308 633
334 633
360 633
385 633
411 633
437 633

256 697
281 697
308 697
334 697
360 697
385 697
411 697
437 697
---lower zone--------
579 289
579 353
579 418
579 484
579 549
579 613
579 679
579 745