(top,left)
----studyroom-----
58 344
58 420
58 494
58 566
58 638
58 711
58 785

---------middle zone------

//long table//
188 341
215 341
241 341
267 341
294 341
319 341
346 341

188 406
215 406
241 406
267 406
294 406
319 406
346 406

188 455
215 455
241 455
267 455
294 455
319 455
346 455

188 521
215 521
241 521
267 521
294 521
319 521
346 521

188 576
215 576
241 576
267 576
294 576
319 576
346 576

188 641
215 641
241 641
267 641
294 641
319 641
346 641

//round table//
395 296
452 296
395 342
452 342
395 376
452 376
395 421
452 421
395 455
452 455
395 500
452 500
395 534
452 534
395 580
452 580
395 614
452 614
395 660
452 660
395 693
452 693
395 738
452 738
-------bean bag zone---
522 276
549 276
575 276
603 276

522 362
549 362
575 362
603 362

522 397
549 397
575 397
603 397

522 483
549 483
575 483
603 483

522 517
549 517
575 517
603 517

522 604
549 604
575 604
603 604

522 637
549 637
575 637
603 637

522 724
549 724
575 724
603 724

--------fan zone------
72 39
77 192
133 39
136 192
189 39
192 192
247 39
250 192
304 39
307 192
359 39
362 192
418 39
421 192
476 39
479 192
533 39
536 192 
590 39
593 192

----bed container------
288 901
382 901
479 901
575 901

288 977
382 977
479 977
575 977